1 0 0 -0 0 1 0 -0 0 0 1 -0
0.999998 -0.00152683 -0.00135935 -0.0108728 0.0015253 0.999998 -0.00112179 -0.00600961 0.00136106 0.00111971 0.999998 0.584847
0.999999 -0.00137749 -0.000783784 -0.0875517 0.00137501 0.999994 -0.00314951 -0.00528245 0.000788118 0.00314842 0.999995 1.1747
0.999995 -0.00186193 -0.0027245 -0.0891733 0.00185059 0.99999 -0.00415876 -0.0236433 0.00273221 0.00415369 0.999988 1.7443
0.999973 -0.00426652 -0.00590724 -0.047786 0.00423076 0.999973 -0.00605299 -0.0260236 0.0059329 0.00602784 0.999964 2.33006
0.999946 -0.00701482 -0.00762881 -0.050915 0.0069548 0.999945 -0.00786547 -0.0477139 0.00768356 0.00781199 0.99994 2.91964
0.999926 -0.0079172 -0.00923861 -0.0429205 0.0078342 0.999929 -0.00898598 -0.0421391 0.00930909 0.00891294 0.999917 3.5089
0.999907 -0.00850522 -0.0106674 -0.050239 0.00842142 0.999934 -0.00787555 -0.0596837 0.0107337 0.00778498 0.999912 4.10134
0.999877 -0.00911533 -0.0127921 -0.0426075 0.00900288 0.999921 -0.0088211 -0.0693196 0.0128715 0.00870484 0.999879 4.70271
0.999874 -0.00820179 -0.0135825 -0.0598795 0.00804361 0.9999 -0.0116598 -0.0877936 0.0136767 0.0115491 0.99984 5.28897
0.999855 -0.00718099 -0.0154436 -0.0707164 0.00694187 0.999856 -0.0154818 -0.0986502 0.0155526 0.0153724 0.999761 5.88876
0.999839 -0.00605315 -0.0168656 -0.0782237 0.0057338 0.999805 -0.0189195 -0.118514 0.0169769 0.0188197 0.999679 6.50226
0.999834 -0.00507378 -0.0174872 -0.117148 0.00473113 0.999797 -0.0195805 -0.107754 0.017583 0.0194945 0.999655 7.12753
0.999813 -0.00187441 -0.0192311 -0.111795 0.00163776 0.999923 -0.0123136 -0.130128 0.0192527 0.0122798 0.999739 7.73518
0.999809 -0.000660288 -0.0195299 -0.14461 0.000613426 0.999997 -0.00240536 -0.133577 0.0195314 0.00239292 0.999806 8.41695
0.999788 0.000167096 -0.0206059 -0.158263 -7.07818e-05 0.999989 0.00467474 -0.153351 0.0206065 -0.00467229 0.999777 9.10248
0.999768 0.00300733 -0.0213378 -0.22406 -0.0029242 0.999988 0.00392615 -0.178056 0.0213493 -0.00386284 0.999765 9.88085
0.999741 0.00436576 -0.0223163 -0.209607 -0.00444451 0.999984 -0.00348045 -0.176698 0.0223008 0.00357874 0.999745 10.4919
0.999709 0.00493567 -0.0236053 -0.222348 -0.00515961 0.999942 -0.00943526 -0.18478 0.0235573 0.00955431 0.999677 11.198
0.999688 0.00169656 -0.0249131 -0.240713 -0.00189651 0.999966 -0.00800428 -0.181896 0.0248986 0.00804904 0.999658 11.9352
0.99968 0.00131837 -0.0252495 -0.271219 -0.00128432 0.999998 0.00136453 -0.195581 0.0252513 -0.00133167 0.99968 12.7095
0.999659 0.000487059 -0.0260956 -0.292409 -0.000252126 0.999959 0.0090053 -0.197169 0.026099 -0.00899565 0.999619 13.52
0.999651 -0.000466669 -0.0264321 -0.307888 0.000772656 0.999933 0.0115673 -0.204451 0.0264249 -0.0115837 0.999584 14.2909
0.999642 -0.00300602 -0.0265837 -0.330633 0.00328546 0.99994 0.0104741 -0.198962 0.0265506 -0.0105577 0.999592 15.0567
0.999642 -0.00320311 -0.0265761 -0.345876 0.00341277 0.999963 0.00784741 -0.196581 0.02655 -0.0079353 0.999616 15.8832
0.999619 -0.000568422 -0.0275933 -0.297334 0.000694363 0.999989 0.00455481 -0.196758 0.0275904 -0.00457223 0.999609 16.673
0.999653 -0.00316873 -0.0261603 -0.339756 0.003135 0.999994 -0.00133037 -0.205744 0.0261644 0.00124789 0.999657 17.5389
0.99967 -0.00623532 -0.0249077 -0.417966 0.00606026 0.999956 -0.00709752 -0.22927 0.0249509 0.00694423 0.999665 18.4937
0.999701 -0.00553263 -0.0238185 -0.445499 0.00522075 0.9999 -0.0131366 -0.228227 0.0238888 0.0130084 0.99963 19.4211
0.999713 -0.00406418 -0.0236138 -0.470657 0.00374731 0.999903 -0.0134477 -0.250568 0.0236662 0.0133554 0.999631 20.2956
0.999707 -0.00370262 -0.0239033 -0.49507 0.00338413 0.999905 -0.013351 -0.266343 0.0239505 0.0132662 0.999625 21.2121
0.999706 -0.00188913 -0.0241582 -0.528537 0.0015397 0.999894 -0.0144746 -0.292468 0.024183 0.0144332 0.999603 22.1933
0.999719 0.000975899 -0.0236656 -0.557741 -0.00137135 0.99986 -0.0166995 -0.313212 0.023646 0.0167272 0.99958 23.1294
0.999707 0.00424405 -0.0238425 -0.611951 -0.00465929 0.999838 -0.0173875 -0.338377 0.0237648 0.0174935 0.999565 24.1344
0.999704 0.00650873 -0.0234383 -0.654817 -0.00690646 0.999833 -0.0169284 -0.37671 0.0233242 0.0170853 0.999582 25.1218
0.999693 0.00714847 -0.0237169 -0.676338 -0.0075568 0.999824 -0.0171724 -0.403269 0.02359 0.0173464 0.999571 26.1136
0.999669 0.00714129 -0.0247262 -0.65377 -0.0075732 0.99982 -0.0174182 -0.436441 0.0245973 0.0175997 0.999543 27.052
0.999652 0.00758722 -0.0252834 -0.687494 -0.00799943 0.999836 -0.0162425 -0.464292 0.025156 0.0164391 0.999548 28.0833
0.999647 0.00815152 -0.0252771 -0.723156 -0.00851874 0.999859 -0.014454 -0.491456 0.0251557 0.0146642 0.999576 29.0981
0.99962 0.00872542 -0.0261657 -0.730244 -0.00908215 0.999867 -0.013546 -0.524 0.026044 0.0137785 0.999566 30.1491
0.999605 0.00900181 -0.0266321 -0.761438 -0.00939645 0.999847 -0.0147304 -0.546123 0.0264955 0.0149748 0.999537 31.1785
0.999581 0.0117965 -0.0264442 -0.80905 -0.0122228 0.999797 -0.0160161 -0.563761 0.0262499 0.0163326 0.999522 32.1944
0.999562 0.0108849 -0.0275098 -0.829401 -0.0113096 0.999819 -0.0153305 -0.58862 0.0273379 0.0156349 0.999504 33.2738
0.999533 0.0114969 -0.0283169 -0.854246 -0.0118843 0.999838 -0.0135534 -0.606527 0.0281564 0.0138836 0.999507 34.3269
0.999519 0.0110745 -0.0289759 -0.895686 -0.011356 0.99989 -0.00956834 -0.648488 0.0288667 0.00989278 0.999534 35.4053
0.999485 0.0111045 -0.0300993 -0.920463 -0.0113201 0.999911 -0.00699971 -0.67205 0.0300189 0.00733684 0.999522 36.4639
0.999487 0.00975778 -0.03052 -0.967137 -0.00995088 0.999931 -0.00618148 -0.703272 0.0304576 0.00648201 0.999515 37.5254
0.99947 0.00950887 -0.0311355 -0.996095 -0.00975392 0.999923 -0.007728 -0.725124 0.0310596 0.0080276 0.999485 38.5966
0.999457 0.00962055 -0.0315054 -1.04024 -0.00988229 0.999918 -0.00816257 -0.749219 0.0314243 0.00846948 0.99947 39.6749
0.999466 0.00989698 -0.031146 -1.09516 -0.0101311 0.999922 -0.00736792 -0.769296 0.0310706 0.00767953 0.999488 40.7144
0.999438 0.0106597 -0.0317838 -1.14724 -0.0108375 0.999927 -0.0054261 -0.789667 0.0317237 0.0057675 0.99948 41.8121
0.999417 0.010274 -0.0325565 -1.18836 -0.010371 0.999942 -0.0028139 -0.814286 0.0325257 0.00314991 0.999466 42.8989
0.999393 0.0112676 -0.0329661 -1.24094 -0.0113638 0.999932 -0.00273294 -0.844257 0.0329331 0.0031059 0.999453 44.012
0.999379 0.0121156 -0.0330839 -1.28384 -0.0123443 0.999901 -0.00671556 -0.867323 0.0329993 0.00711979 0.99943 45.0789
0.999349 0.0132764 -0.033544 -1.31526 -0.0136305 0.999854 -0.0103486 -0.898763 0.0334017 0.010799 0.999384 46.185
0.999342 0.0142711 -0.0333528 -1.37123 -0.0146383 0.999835 -0.010794 -0.921257 0.0331932 0.0112751 0.999385 47.2605
0.999338 0.014814 -0.0332372 -1.41365 -0.0150679 0.999859 -0.00740076 -0.956993 0.0331229 0.00789667 0.99942 48.3525
0.999332 0.0157668 -0.032984 -1.46259 -0.0159625 0.999856 -0.00568061 -0.979435 0.0328897 0.00620332 0.99944 49.4206
0.999359 0.010826 -0.034118 -1.45128 -0.0109838 0.99993 -0.00444257 -0.999228 0.0340675 0.00481447 0.999408 50.5024
0.999344 0.0123961 -0.0340407 -1.49201 -0.012596 0.999905 -0.00566495 -1.02308 0.0339672 0.00609 0.999404 51.5782
0.999376 0.0124592 -0.0330572 -1.56877 -0.0126896 0.999897 -0.00676897 -1.05917 0.0329694 0.00718423 0.999431 52.7288
0.999371 0.0115481 -0.0335262 -1.5751 -0.0118736 0.999884 -0.00952606 -1.07683 0.0334123 0.00991814 0.999392 53.8179
0.999393 0.0118754 -0.0327445 -1.64516 -0.0122434 0.999864 -0.0110601 -1.13564 0.0326087 0.0114543 0.999403 54.8572
0.999411 0.0105206 -0.0326613 -1.67714 -0.011006 0.999831 -0.0147183 -1.16237 0.032501 0.0150691 0.999358 55.9315
0.999435 0.00851241 -0.0325301 -1.73238 -0.00905612 0.999821 -0.0166036 -1.19518 0.032383 0.0168888 0.999333 57.0626
0.999439 0.00717128 -0.0327245 -1.73051 -0.00761525 0.99988 -0.0134625 -1.23626 0.032624 0.0137041 0.999374 58.0838
0.999457 0.0052508 -0.0325324 -1.77936 -0.00549803 0.999957 -0.00751472 -1.26471 0.0324916 0.0076895 0.999442 59.1891
0.999449 0.00401016 -0.0329543 -1.80205 -0.00406435 0.99999 -0.00157748 -1.28361 0.0329477 0.00171055 0.999456 60.3027
0.999465 0.00222459 -0.0326195 -1.84118 -0.00226676 0.999997 -0.00125572 -1.30446 0.0326166 0.00132899 0.999467 61.3998
0.999468 -0.000808565 -0.0326141 -1.86995 0.000672105 0.999991 -0.00419482 -1.32165 0.0326172 0.00417066 0.999459 62.5016
0.99948 -0.00157512 -0.0322059 -1.906 0.00133318 0.999971 -0.00753245 -1.34639 0.0322168 0.0074856 0.999453 63.6132
0.999483 0.000776305 -0.0321276 -1.96687 -0.0011509 0.999932 -0.0116426 -1.37136 0.0321164 0.0116736 0.999416 64.7342
0.999489 0.000873007 -0.0319634 -2.03531 -0.00137667 0.999875 -0.015739 -1.42376 0.0319457 0.0157749 0.999365 65.8464
0.999486 0.0043539 -0.0317529 -2.03804 -0.0048769 0.999853 -0.0164122 -1.44598 0.0316768 0.0165586 0.999361 66.846
0.999486 0.00799203 -0.0310619 -2.0866 -0.00840994 0.999876 -0.0133468 -1.47011 0.0309514 0.0136011 0.999428 67.9714
0.999483 0.0104551 -0.0304006 -2.15128 -0.0107876 0.999884 -0.0107948 -1.50897 0.0302842 0.0111171 0.99948 69.0873
0.999503 0.00893172 -0.0302385 -2.19147 -0.00925239 0.999902 -0.0104813 -1.52719 0.0301419 0.0107559 0.999488 70.1962
0.99951 0.00730362 -0.0304322 -2.22873 -0.00760201 0.999924 -0.00970081 -1.56037 0.030359 0.00992741 0.99949 71.32
0.999499 0.00503606 -0.0312561 -2.24063 -0.00531133 0.999948 -0.00873 -1.57918 0.0312105 0.00889164 0.999473 72.4617
0.999491 0.00415344 -0.0316306 -2.28459 -0.00435843 0.99997 -0.00641449 -1.61035 0.031603 0.00654908 0.999479 73.577
0.999476 0.00273092 -0.0322656 -2.33742 -0.00289527 0.999983 -0.00504802 -1.63187 0.0322513 0.00513879 0.999467 74.7075
0.999469 0.00194896 -0.0325143 -2.38734 -0.00214997 0.999979 -0.00614859 -1.67121 0.0325016 0.00621524 0.999452 75.8367
0.999445 0.00245655 -0.0332309 -2.43519 -0.00279765 0.999944 -0.010222 -1.70413 0.0332039 0.0103093 0.999395 77.023
0.999421 0.00309784 -0.0338926 -2.48126 -0.00350953 0.999921 -0.0120941 -1.73348 0.0338525 0.012206 0.999352 78.0891
0.999385 0.00458447 -0.034775 -2.50255 -0.00495729 0.999931 -0.0106422 -1.75749 0.0347238 0.0108081 0.999339 79.1333
0.999364 0.00589754 -0.035174 -2.54901 -0.00612859 0.99996 -0.00646435 -1.78899 0.0351345 0.00667581 0.99936 80.2156
0.999342 0.00689182 -0.0355994 -2.61057 -0.00699514 0.999972 -0.00277882 -1.81071 0.0355793 0.00302602 0.999362 81.2967
0.999325 0.0087082 -0.0356967 -2.66213 -0.008799 0.999958 -0.00238717 -1.83376 0.0356744 0.00269965 0.99936 82.3464
0.999304 0.00852346 -0.0363298 -2.70477 -0.00868473 0.999953 -0.00428349 -1.85783 0.0362916 0.00459603 0.999331 83.4194
0.999279 0.00772222 -0.0371739 -2.74486 -0.00791853 0.999955 -0.00513654 -1.87686 0.0371326 0.0054272 0.999296 84.4995
0.999252 0.00698336 -0.0380234 -2.77775 -0.00719265 0.99996 -0.00537023 -1.89676 0.0379844 0.0056397 0.999262 85.5877
0.999214 0.00676081 -0.0390621 -2.81053 -0.0069717 0.999962 -0.00526506 -1.91954 0.039025 0.00553325 0.999223 86.6409
0.999225 0.0048235 -0.0390593 -2.8637 -0.00498635 0.999979 -0.00407296 -1.93655 0.0390388 0.00426457 0.999229 87.6543
0.999208 0.00518581 -0.0394598 -2.91683 -0.00523006 0.999986 -0.00101814 -1.96927 0.0394539 0.00122371 0.999221 88.6536
0.999178 0.00223588 -0.0404723 -2.94035 -0.00222877 0.999997 0.000220742 -1.98476 0.0404727 -0.000130357 0.999181 89.5368
0.999096 0.00183494 -0.0424807 -3.00382 -0.00182657 0.999998 0.000235879 -2.00069 0.042481 -0.000158072 0.999097 90.4923
0.998947 0.00204318 -0.0458442 -3.05629 -0.00208953 0.999997 -0.000963213 -2.02293 0.0458421 0.00105799 0.998948 91.4226
0.998808 0.00335765 -0.0486927 -3.13233 -0.00344087 0.999993 -0.00162533 -2.04606 0.0486869 0.00179094 0.998812 92.3153
0.998633 0.00131556 -0.0522479 -3.16727 -0.0013662 0.999999 -0.00093346 -2.07491 0.0522466 0.00100357 0.998634 93.238
0.998451 0.00401107 -0.0554961 -3.23077 -0.00403622 0.999992 -0.000340974 -2.09215 0.0554943 0.00056444 0.998459 94.0884
0.998301 0.00388585 -0.0581386 -3.2996 -0.00385271 0.999992 0.000682074 -2.10751 0.0581408 -0.000456924 0.998308 94.9314
0.998119 0.00528537 -0.0610842 -3.35532 -0.00519135 0.999985 0.00169781 -2.11763 0.0610922 -0.00137751 0.998131 95.7664
0.997971 0.00713826 -0.0632754 -3.42535 -0.00698749 0.999972 0.00260382 -2.13723 0.0632923 -0.0021564 0.997993 96.5704
0.997835 0.00917521 -0.0651262 -3.48127 -0.00899784 0.999955 0.00301629 -2.1441 0.065151 -0.00242377 0.997872 97.3697
0.997634 0.0109035 -0.0678821 -3.5385 -0.0108186 0.99994 0.00161788 -2.16095 0.0678957 -0.000879664 0.997692 98.0917
0.99745 0.0122499 -0.0703101 -3.59805 -0.0124497 0.99992 -0.00240497 -2.17759 0.070275 0.00327418 0.997522 98.7894
0.997211 0.0145809 -0.073199 -3.65528 -0.0150387 0.999871 -0.00570589 -2.19844 0.0731064 0.00679079 0.997301 99.4678
0.997049 0.0159207 -0.0751015 -3.70564 -0.0166255 0.999823 -0.00876873 -2.20796 0.0749486 0.00999145 0.997137 100.122
0.996913 0.0185724 -0.0762853 -3.7615 -0.0193942 0.999761 -0.010045 -2.21448 0.0760805 0.0114935 0.997035 100.698
0.997016 0.0205955 -0.0743907 -3.84623 -0.0213967 0.999721 -0.00998832 -2.22456 0.0741642 0.0115502 0.997179 101.31
0.997108 0.0239625 -0.0721181 -3.86358 -0.0246204 0.999663 -0.00824695 -2.25605 0.0718962 0.00999868 0.997362 101.89
0.997431 0.0267831 -0.0664328 -3.91106 -0.0273122 0.999602 -0.0070692 -2.27375 0.066217 0.00886547 0.997766 102.44
0.997775 0.0285954 -0.0602222 -3.92931 -0.0289309 0.99957 -0.00470702 -2.29273 0.0600617 0.00643884 0.998174 102.95
0.998357 0.0282315 -0.0498721 -3.96251 -0.0283678 0.999595 -0.00202686 -2.31395 0.0497947 0.0034383 0.998754 103.482
0.998894 0.0266569 -0.0387281 -3.95875 -0.0267064 0.999643 -0.000762269 -2.32314 0.0386939 0.00179572 0.999249 103.912
0.999336 0.0253043 -0.0262334 -3.94047 -0.0253211 0.999679 -0.000309226 -2.34532 0.0262171 0.000973277 0.999656 104.385
0.999616 0.0256804 -0.0103951 -3.95357 -0.0256952 0.999669 -0.00129167 -2.35512 0.0103585 0.00155828 0.999945 104.834
0.999661 0.0248477 0.00772838 -3.94258 -0.0248109 0.999681 -0.00482272 -2.35832 -0.00784574 0.00462934 0.999959 105.277
0.999272 0.024468 0.0292727 -3.91912 -0.0242068 0.999664 -0.00924295 -2.37603 -0.029489 0.00852762 0.999529 105.679
0.998357 0.0218944 0.052959 -3.87185 -0.0211569 0.999672 -0.0144458 -2.38205 -0.0532579 0.0133016 0.998492 106.096
0.996619 0.019602 0.0797854 -3.80962 -0.0182798 0.999684 -0.0172693 -2.39873 -0.0800987 0.0157525 0.996662 106.504
0.993764 0.0181918 0.110012 -3.73839 -0.0162761 0.9997 -0.0182871 -2.40307 -0.110312 0.0163825 0.993762 106.902
0.98963 0.0159341 0.142756 -3.65908 -0.0131475 0.999705 -0.0204424 -2.41163 -0.143039 0.0183536 0.989547 107.288
0.983916 0.0132153 0.178144 -3.55873 -0.00942451 0.999711 -0.0221088 -2.43074 -0.178384 0.0200743 0.983756 107.668
0.976138 0.0111869 0.216864 -3.4418 -0.00634507 0.999715 -0.0230103 -2.43599 -0.217059 0.0210852 0.975931 108.029
0.966423 0.00842484 0.256817 -3.31502 -0.00254681 0.999727 -0.023212 -2.46315 -0.256943 0.0217785 0.966181 108.387
0.954328 0.00922371 0.298618 -3.18154 -0.00214069 0.999709 -0.0240377 -2.48735 -0.298752 0.0223006 0.95407 108.733
0.939354 0.0101528 0.342799 -3.0466 -0.00196395 0.999705 -0.0242269 -2.50451 -0.342944 0.0220844 0.939096 109.043
0.921402 0.010747 0.388461 -2.8946 -0.00206702 0.999739 -0.0227556 -2.5199 -0.388604 0.0201641 0.921184 109.362
0.901266 0.00923707 0.433167 -2.70883 -0.000156008 0.99978 -0.0209952 -2.54135 -0.433265 0.0188547 0.901069 109.67
0.878285 0.00831423 0.478065 -2.50867 0.00222918 0.999767 -0.0214828 -2.55514 -0.478132 0.0199337 0.878062 109.961
0.853251 0.00885173 0.521426 -2.30172 0.00417875 0.999708 -0.0238091 -2.56596 -0.521484 0.022494 0.852965 110.241
0.824979 0.0118245 0.565039 -2.09459 0.00354005 0.999653 -0.0260882 -2.59837 -0.565152 0.0235225 0.824652 110.506
0.793971 0.0164084 0.607734 -1.85866 0.00227353 0.999549 -0.0299574 -2.61625 -0.607951 0.025167 0.793575 110.777
0.760247 0.022584 0.649242 -1.60667 -0.000872349 0.99943 -0.0337439 -2.62876 -0.649634 0.0250873 0.759833 111.03
0.7229 0.0275466 0.690403 -1.33813 -0.00373577 0.999346 -0.0359616 -2.64869 -0.690942 0.0234175 0.722531 111.269
0.683662 0.0277609 0.729271 -1.04171 -0.000787937 0.999304 -0.0373015 -2.65784 -0.729798 0.024927 0.683208 111.497
0.642801 0.0254816 0.765609 -0.723126 0.0046694 0.999298 -0.0371798 -2.65971 -0.766019 0.0274741 0.64223 111.712
0.598073 0.0235632 0.801095 -0.400103 0.00646237 0.999393 -0.0342205 -2.67341 -0.801415 0.0256433 0.597558 111.92
0.552115 0.0218785 0.833481 -0.137122 0.0040797 0.999573 -0.0289408 -2.71172 -0.833758 0.019379 0.55179 112.055
0.50483 0.0191415 0.863007 0.221726 0.00663055 0.999639 -0.0260507 -2.72368 -0.863193 0.0188734 0.50452 112.208
0.453646 0.0166648 0.891026 0.602373 0.0103614 0.999659 -0.0239718 -2.69439 -0.891122 0.0201069 0.453318 112.376
0.401473 0.0166242 0.91572 0.980299 0.00834333 0.999727 -0.0218072 -2.71745 -0.915833 0.0163952 0.401225 112.518
0.350309 0.0212973 0.936392 1.37623 0.00312264 0.999709 -0.0239056 -2.75144 -0.936629 0.0112984 0.350141 112.628
0.300033 0.0265191 0.95356 1.75516 0.0017745 0.999596 -0.0283577 -2.76774 -0.953927 0.0102003 0.299865 112.712
0.253539 0.028852 0.966895 2.22917 0.00439851 0.99951 -0.0309787 -2.7765 -0.967315 0.0121072 0.253288 112.817
0.21243 0.0276343 0.976786 2.58666 0.0114893 0.99946 -0.0307745 -2.80648 -0.977109 0.01776 0.211997 112.838
0.1775 0.0276567 0.983732 3.01661 0.0194433 0.999311 -0.031603 -2.81805 -0.983929 0.0247365 0.17684 112.876
0.147773 0.0287639 0.988603 3.49865 0.0244799 0.999164 -0.0327304 -2.8259 -0.988718 0.0290376 0.146945 112.902
0.119494 0.0271247 0.992464 3.92868 0.022274 0.999302 -0.0299934 -2.85383 -0.992585 0.0256902 0.118807 112.948
0.0932675 0.0240736 0.99535 4.46576 0.0175599 0.999512 -0.0258197 -2.85103 -0.995486 0.0198864 0.0927993 113.009
0.069886 0.0197388 0.99736 4.97842 0.0132811 0.999697 -0.0207157 -2.86773 -0.997467 0.0146938 0.0696027 113.03
0.0476346 0.0178953 0.998705 5.56056 0.0172288 0.999676 -0.0187345 -2.87701 -0.998716 0.0180989 0.0473108 113.046
0.0269873 0.018991 0.999455 6.15733 0.0255948 0.999479 -0.0196825 -2.88447 -0.999308 0.026112 0.0264871 113.055
0.0100381 0.0201943 0.999746 6.6308 0.028363 0.999388 -0.0204718 -2.94097 -0.999547 0.0285613 0.0094592 113.022
-0.00507101 0.026243 0.999643 7.27802 0.0306456 0.99919 -0.0260756 -2.9267 -0.999517 0.0305025 -0.00587114 113.036
-0.0160466 0.0310558 0.999389 7.89976 0.0264536 0.999181 -0.0306246 -2.94965 -0.999521 0.025946 -0.016855 113.028
-0.0221883 0.0307355 0.999281 8.50198 0.0278807 0.999158 -0.0301126 -2.97161 -0.999365 0.0271925 -0.0230265 113.007
-0.024467 0.0277865 0.999314 9.1722 0.0356858 0.999001 -0.0269041 -2.98347 -0.999064 0.0350031 -0.0254341 112.974
-0.0244177 0.0261701 0.999359 9.82431 0.0360051 0.999032 -0.0252818 -3.01381 -0.999053 0.0353647 -0.0253363 112.977
-0.0228196 0.0258982 0.999404 10.5068 0.0343285 0.999095 -0.0251064 -3.03955 -0.99915 0.0337351 -0.023688 112.974
-0.0210217 0.0261532 0.999437 11.2226 0.0317885 0.99917 -0.0254776 -3.05689 -0.999274 0.031235 -0.0218356 112.959
-0.0176188 0.0274716 0.999467 11.7139 0.0324127 0.999113 -0.0268904 -3.06347 -0.999319 0.0319216 -0.0184936 112.844
-0.0168925 0.0279159 0.999468 12.4564 0.0315726 0.999127 -0.0273728 -3.09233 -0.999359 0.0310934 -0.0177591 112.836
-0.0158525 0.0273419 0.9995 13.1791 0.0324732 0.999113 -0.0268163 -3.12758 -0.999347 0.0320319 -0.0167263 112.833
-0.0155358 0.0255317 0.999553 13.8458 0.0302227 0.999229 -0.0250537 -3.1706 -0.999422 0.02982 -0.0162955 112.838
-0.014869 0.024132 0.999598 14.6196 0.0320572 0.999206 -0.0236457 -3.19801 -0.999375 0.0316927 -0.0156308 112.822
-0.015388 0.0213361 0.999654 15.3903 0.0322758 0.999262 -0.0208309 -3.23008 -0.999361 0.0319441 -0.0160653 112.808
-0.0167 0.0196612 0.999667 16.2065 0.0291434 0.999391 -0.0191689 -3.25981 -0.999436 0.0288136 -0.0172629 112.812
-0.0176332 0.0184698 0.999674 16.9396 0.0293579 0.999408 -0.017947 -3.28156 -0.999413 0.0290319 -0.018165 112.788
-0.0184624 0.0157487 0.999706 17.7557 0.0319093 0.999376 -0.0151542 -3.30882 -0.99932 0.0316201 -0.0189534 112.767
-0.0200194 0.0152253 0.999684 18.6884 0.0331308 0.999345 -0.0145567 -3.31317 -0.999251 0.0328289 -0.0205107 112.773
-0.0222127 0.0139579 0.999656 19.5279 0.0299707 0.999462 -0.0132892 -3.34451 -0.999304 0.0296652 -0.0226191 112.766
-0.0222309 0.0185889 0.99958 20.2969 0.0266395 0.999483 -0.0179946 -3.37082 -0.999398 0.0262283 -0.0227146 112.738
-0.0226506 0.0230992 0.999477 21.1455 0.0289726 0.999328 -0.0224392 -3.40133 -0.999324 0.0284492 -0.0233046 112.715
-0.0236971 0.0247682 0.999412 21.9782 0.0293457 0.999279 -0.0240691 -3.4249 -0.999288 0.028758 -0.0244069 112.695
-0.0251686 0.0233122 0.999411 22.8226 0.0259347 0.999407 -0.022659 -3.44723 -0.999347 0.0253492 -0.0257583 112.687
-0.0263421 0.0187039 0.999478 23.6596 0.0229161 0.999573 -0.0181017 -3.48004 -0.99939 0.0224273 -0.0267595 112.675
-0.0269955 0.0132648 0.999548 24.4997 0.0211512 0.999696 -0.0126955 -3.51168 -0.999412 0.0207989 -0.0272679 112.658
-0.0282593 0.00844845 0.999565 25.3679 0.0165561 0.999831 -0.00798263 -3.52431 -0.999464 0.0163233 -0.0283944 112.671
-0.0278451 0.00643944 0.999592 26.2249 0.013857 0.999886 -0.00605533 -3.55425 -0.999516 0.0136827 -0.0279312 112.647
-0.0264322 0.0129457 0.999567 26.9892 0.0165717 0.999784 -0.0125103 -3.59211 -0.999513 0.0162338 -0.026641 112.6
-0.0249425 0.024157 0.999397 27.8157 0.0191298 0.999536 -0.023683 -3.61258 -0.999506 0.0185275 -0.0253931 112.575
-0.024848 0.0296245 0.999252 28.6773 0.0212343 0.999351 -0.0290994 -3.63943 -0.999466 0.0204954 -0.0254609 112.567
-0.0234324 0.0233482 0.999453 29.5084 0.0225305 0.999486 -0.0228207 -3.67901 -0.999472 0.0219834 -0.0239464 112.551
-0.0231874 0.015433 0.999612 30.3514 0.0278611 0.999502 -0.014785 -3.72217 -0.999343 0.0275075 -0.0236059 112.538
-0.0217588 0.0124466 0.999686 31.1828 0.0290617 0.999508 -0.0118118 -3.74973 -0.999341 0.0287956 -0.0221098 112.509
-0.0224225 0.0130257 0.999664 32.0027 0.0281098 0.999528 -0.0123934 -3.77366 -0.999353 0.0278224 -0.0227781 112.5
-0.0232606 0.0135777 0.999637 32.8062 0.0227698 0.999656 -0.0130481 -3.79138 -0.99947 0.022458 -0.0235617 112.489
-0.0261833 0.0143569 0.999554 33.6133 0.0222932 0.999657 -0.0137744 -3.81404 -0.999409 0.0219226 -0.0264944 112.49
-0.0275278 0.0131778 0.999534 34.3774 0.0205475 0.999709 -0.0126143 -3.84846 -0.99941 0.0201907 -0.0277905 112.45
-0.0293868 0.0148219 0.999458 35.2262 0.0202236 0.999694 -0.0142308 -3.85382 -0.999364 0.0197944 -0.0296776 112.43
-0.0312229 0.0141745 0.999412 36.012 0.0180594 0.999744 -0.013615 -3.88735 -0.999349 0.0176237 -0.0314708 112.412
-0.0335186 0.0136894 0.999344 36.8299 0.0165519 0.999777 -0.0131402 -3.90511 -0.999301 0.0161006 -0.0337377 112.393
-0.0354654 0.012482 0.999293 37.6298 0.0167386 0.999789 -0.0118941 -3.931 -0.999231 0.016305 -0.0356668 112.371
-0.037154 0.0127457 0.999228 38.4058 0.0165543 0.999789 -0.0121373 -3.95469 -0.999172 0.0160906 -0.0373572 112.342
-0.0389006 0.0134046 0.999153 39.1675 0.0163592 0.999785 -0.0127761 -3.98723 -0.999109 0.0158484 -0.0391115 112.316
-0.0405301 0.0136113 0.999086 39.9678 0.0149185 0.999804 -0.0130159 -4.00573 -0.999067 0.0143773 -0.0407252 112.296
-0.040916 0.0125323 0.999084 40.7313 0.0171458 0.999783 -0.0118389 -4.03123 -0.999015 0.0166457 -0.041122 112.258
-0.0423541 0.0118613 0.999032 41.4805 0.0165088 0.999801 -0.0111705 -4.05914 -0.998966 0.0160197 -0.0425415 112.216
-0.0440633 0.0115222 0.998962 42.2549 0.0157905 0.999817 -0.0108356 -4.08272 -0.998904 0.0152966 -0.0442372 112.199
-0.0447003 0.0100937 0.998949 43.001 0.0131027 0.999869 -0.0095167 -4.1067 -0.998915 0.0126635 -0.0448267 112.165
-0.0467038 0.0089934 0.998868 43.7514 0.0112216 0.999901 -0.00847801 -4.12481 -0.998846 0.010813 -0.0468001 112.148
-0.0477238 0.00838957 0.998825 44.4713 0.0112349 0.999906 -0.00786184 -4.15227 -0.998797 0.0108465 -0.0478136 112.123
-0.0470512 0.0114202 0.998827 45.1733 0.0120234 0.999869 -0.0108657 -4.16946 -0.99882 0.0114981 -0.0471823 112.085
-0.0469714 0.01421 0.998795 45.8782 0.0130617 0.999822 -0.0136103 -4.19482 -0.998811 0.0124067 -0.0471486 112.053
-0.046895 0.0158438 0.998774 46.5466 0.0111904 0.99982 -0.015335 -4.21573 -0.998837 0.0104575 -0.0470639 112.017
-0.0471201 0.0165824 0.998752 47.2549 0.0106643 0.999814 -0.0160969 -4.23673 -0.998832 0.0098925 -0.0472882 111.993
-0.047406 0.016165 0.998745 47.9679 0.0113461 0.999813 -0.0156437 -4.25812 -0.998811 0.0105902 -0.0475805 111.968
-0.0474112 0.0159387 0.998748 48.6596 0.0116018 0.999814 -0.0154049 -4.27742 -0.998808 0.0108569 -0.0475873 111.934
-0.048068 0.0159095 0.998717 49.3462 0.00703953 0.999854 -0.0155888 -4.30225 -0.998819 0.00628118 -0.048173 111.914
-0.0471222 0.0160065 0.998761 50.0056 0.00626606 0.999857 -0.0157284 -4.32566 -0.998869 0.00551714 -0.0472157 111.877
-0.0476668 0.0149326 0.998752 50.7219 0.00811564 0.999861 -0.0145619 -4.34249 -0.99883 0.0074114 -0.0477814 111.855
-0.047964 0.0144426 0.998745 51.3845 0.00943824 0.999857 -0.0140055 -4.36402 -0.998804 0.00875463 -0.0480935 111.816
-0.0518993 0.0144351 0.998548 52.0627 0.00582903 0.999883 -0.0141514 -4.37272 -0.998635 0.00508612 -0.0519774 111.791
-0.0564218 0.0136702 0.998313 52.7072 0.00182647 0.999906 -0.0135888 -4.40246 -0.998405 0.00105668 -0.0564414 111.749
-0.0622776 0.0178242 0.9979 53.3523 0.00535348 0.999832 -0.0175247 -4.41616 -0.998045 0.00425084 -0.0623626 111.699
-0.068809 0.0211931 0.997405 54.01 0.00828607 0.999752 -0.0206714 -4.43306 -0.997595 0.00684219 -0.0689675 111.655
-0.0765047 0.0223156 0.996819 54.6985 0.00785627 0.999732 -0.0217779 -4.46492 -0.997038 0.00616517 -0.0766595 111.612
-0.0821929 0.0217229 0.99638 55.3686 0.00417881 0.999761 -0.0214519 -4.48733 -0.996608 0.00240048 -0.0822641 111.559
-0.0875473 0.0206918 0.995945 56.0639 0.00342096 0.999785 -0.0204708 -4.50831 -0.996154 0.00161493 -0.0875993 111.498
-0.0919186 0.0212115 0.995541 56.7501 0.00121139 0.999775 -0.0211899 -4.52888 -0.995766 -0.000741759 -0.0919236 111.438
-0.0959827 0.0203669 0.995175 57.4331 -0.00242463 0.999783 -0.0206951 -4.55278 -0.99538 -0.0043993 -0.0959125 111.376
-0.0986284 0.0174601 0.994971 58.1244 -0.00199732 0.999841 -0.0177435 -4.56462 -0.995122 -0.00373729 -0.0985778 111.314
-0.0997429 0.0140025 0.994915 58.8524 -2.44385e-05 0.999901 -0.0140751 -4.59605 -0.995013 -0.00142821 -0.0997327 111.233
-0.100794 0.0122798 0.994832 59.5169 -0.000615661 0.999923 -0.012405 -4.5935 -0.994907 -0.00186284 -0.100779 111.156
-0.102812 0.0116576 0.994633 60.248 -0.00369899 0.99992 -0.0121019 -4.61608 -0.994694 -0.00492335 -0.10276 111.095
-0.103206 0.0151784 0.994544 61.0074 0.00132834 0.999885 -0.015122 -4.65153 -0.994659 -0.000239599 -0.103215 111.027
-0.102336 0.0189175 0.99457 61.7234 0.00662414 0.99981 -0.0183356 -4.66969 -0.994728 0.00471179 -0.102441 110.936
-0.103703 0.0237744 0.994324 62.4972 0.01357 0.999655 -0.0224866 -4.69549 -0.994516 0.011161 -0.10399 110.863
-0.10422 0.0250473 0.994239 63.2429 0.0149339 0.99961 -0.0236172 -4.71808 -0.994442 0.0123865 -0.104553 110.786
-0.104625 0.0227487 0.994252 63.9952 0.0127044 0.999687 -0.0215362 -4.74631 -0.994431 0.0103782 -0.104881 110.713
-0.104514 0.0179644 0.994361 64.7563 0.0133456 0.999772 -0.0166594 -4.77213 -0.994434 0.0115292 -0.10473 110.638
-0.104509 0.0161032 0.994394 65.4812 0.0154573 0.999774 -0.0145658 -4.80074 -0.994404 0.0138484 -0.104734 110.553
-0.106161 0.0154943 0.994228 66.2753 0.0149685 0.99979 -0.0139827 -4.81943 -0.994236 0.0133977 -0.106371 110.493
-0.10798 0.0168945 0.99401 67.0219 0.0138029 0.999785 -0.0154932 -4.83835 -0.994057 0.0120472 -0.10819 110.421
-0.109717 0.0171036 0.993816 67.7864 0.0130383 0.999791 -0.015767 -4.86056 -0.993877 0.0112278 -0.109917 110.332
-0.11224 0.0173535 0.99353 68.5184 0.0134933 0.999782 -0.0159383 -4.88429 -0.993589 0.0116171 -0.11245 110.261
-0.113246 0.0175197 0.993413 69.3066 0.0143655 0.999769 -0.0159942 -4.91355 -0.993463 0.0124596 -0.113471 110.137
-0.115886 0.0177606 0.993104 70.1097 0.0145206 0.999764 -0.0161853 -4.91789 -0.993156 0.0125448 -0.116117 110.074
-0.116854 0.0182956 0.992981 70.8284 0.0132755 0.99977 -0.0168584 -4.94009 -0.99306 0.0112123 -0.11707 109.979
-0.118183 0.019279 0.992805 71.5663 0.0116439 0.99977 -0.0180282 -4.97281 -0.992924 0.0094295 -0.118381 109.895
-0.118819 0.0195574 0.992723 72.3156 0.0104996 0.999775 -0.0184396 -4.99502 -0.99286 0.00823222 -0.118997 109.802
-0.120046 0.019994 0.992567 73.0671 0.0114374 0.999759 -0.0187555 -5.02312 -0.992702 0.00910085 -0.120246 109.718
-0.121202 0.0187366 0.992451 73.8528 0.0116276 0.99978 -0.0174549 -5.0441 -0.99256 0.00942421 -0.121394 109.63
-0.122109 0.0164459 0.99238 74.5974 0.00774033 0.999848 -0.0156173 -5.05338 -0.992487 0.00577435 -0.122217 109.535
-0.124108 0.0137577 0.992173 75.4018 0.00409541 0.999902 -0.0133526 -5.08535 -0.99226 0.00240619 -0.124153 109.445
-0.126334 0.0135941 0.991895 76.1827 0.00548611 0.9999 -0.013005 -5.09903 -0.991973 0.00379867 -0.126396 109.347
-0.127784 0.01417 0.991701 76.9758 0.00791814 0.999881 -0.0132666 -5.14202 -0.99177 0.00615718 -0.127881 109.238
-0.129939 0.0152079 0.991405 77.7327 0.00676486 0.999873 -0.0144511 -5.16973 -0.991499 0.00482896 -0.130025 109.13
-0.131866 0.0182633 0.991099 78.5407 0.00695372 0.999823 -0.0174989 -5.20356 -0.991243 0.00458432 -0.13197 109.028
-0.132045 0.0228451 0.99098 79.3765 0.0106359 0.999709 -0.0216292 -5.21568 -0.991187 0.00768392 -0.13225 108.925
-0.132662 0.0259774 0.990821 80.1351 0.0102068 0.999639 -0.024842 -5.25782 -0.991109 0.00681751 -0.13288 108.784
-0.132154 0.0271358 0.990858 80.9742 0.0126883 0.99959 -0.0256826 -5.28657 -0.991148 0.00917822 -0.132444 108.68
-0.13158 0.0267267 0.990945 81.8013 0.0171162 0.999549 -0.024686 -5.32257 -0.991158 0.013713 -0.131978 108.563
-0.1314 0.0244207 0.991029 82.6437 0.018031 0.99959 -0.0222409 -5.34855 -0.991165 0.0149468 -0.131786 108.459
-0.130855 0.0232064 0.99113 83.5424 0.0170193 0.999631 -0.0211585 -5.38757 -0.991255 0.0140997 -0.131202 108.366
-0.129161 0.0208097 0.991405 84.3841 0.0156083 0.999699 -0.0189503 -5.41994 -0.991501 0.0130265 -0.129447 108.26
-0.128087 0.0178519 0.991602 85.2531 0.0158392 0.999747 -0.0159526 -5.44344 -0.991636 0.0136629 -0.128337 108.159
-0.12643 0.0141521 0.991875 86.1433 0.0163277 0.999792 -0.0121838 -5.47706 -0.991841 0.0146546 -0.126635 108.073
-0.124679 0.0141781 0.992096 86.9984 0.0147922 0.999813 -0.0124294 -5.49924 -0.992087 0.0131256 -0.124865 107.972
-0.1227 0.0186005 0.992269 87.877 0.0161429 0.999729 -0.0167441 -5.52214 -0.992312 0.0139636 -0.122967 107.849
-0.120685 0.0251623 0.992372 88.727 0.0178015 0.999573 -0.02318 -5.54784 -0.992531 0.0148682 -0.121081 107.752
-0.118994 0.0282786 0.992492 89.561 0.0149321 0.999532 -0.0266889 -5.58319 -0.992783 0.0116441 -0.119361 107.656
-0.117496 0.0258867 0.992736 90.4152 0.0146023 0.999597 -0.0243373 -5.61783 -0.992966 0.0116367 -0.117826 107.562
-0.116697 0.0231247 0.992898 91.2869 0.0137893 0.99967 -0.0216618 -5.65526 -0.993072 0.0111635 -0.116978 107.464
-0.116411 0.0220612 0.992956 92.1821 0.0148519 0.99968 -0.0204694 -5.67777 -0.99309 0.0123644 -0.116701 107.37
-0.115764 0.0212551 0.993049 93.0456 0.0143981 0.999702 -0.0197191 -5.71285 -0.993172 0.0120152 -0.116036 107.277
-0.115222 0.0216328 0.993104 93.9096 0.0141584 0.999697 -0.0201337 -5.73816 -0.993239 0.0117409 -0.115494 107.189
-0.114607 0.0210444 0.993188 94.8036 0.0173127 0.999666 -0.0191839 -5.75715 -0.99326 0.0149961 -0.114933 107.094
-0.114113 0.0203994 0.993258 95.6315 0.0197489 0.999638 -0.0182616 -5.78072 -0.993271 0.0175319 -0.114474 107.013
-0.113561 0.0206596 0.993316 96.5689 0.0221356 0.999588 -0.0182594 -5.83833 -0.993284 0.0199141 -0.113971 106.915
-0.113062 0.0234821 0.99331 97.4473 0.0233874 0.999507 -0.0209666 -5.85176 -0.993313 0.0208604 -0.113555 106.834
-0.112803 0.0251235 0.9933 98.2909 0.0207971 0.999521 -0.022919 -5.88257 -0.9934 0.0180724 -0.113271 106.755
-0.112171 0.0212129 0.993463 99.162 0.0150604 0.999694 -0.0196454 -5.90037 -0.993575 0.0127583 -0.112456 106.654
-0.111599 0.0189687 0.993572 100.027 0.0104835 0.999785 -0.0179098 -5.94028 -0.993698 0.00841741 -0.111773 106.558
-0.112862 0.0199099 0.993411 100.874 0.00767877 0.999787 -0.0191653 -5.96245 -0.993581 0.00546515 -0.112991 106.475
-0.115656 0.0247794 0.99298 101.789 0.0044777 0.999692 -0.0244253 -5.99783 -0.993279 0.00162132 -0.115732 106.437
-0.116863 0.02767 0.992763 102.656 0.00332092 0.999617 -0.0274701 -6.02731 -0.993143 8.66496e-05 -0.11691 106.349
-0.116559 0.0282949 0.992781 103.5 0.00512479 0.999598 -0.0278875 -6.05584 -0.993171 0.00183727 -0.116657 106.256
-0.116951 0.0280781 0.992741 104.358 0.00611902 0.999602 -0.0275513 -6.08791 -0.993119 0.00285244 -0.117076 106.151
-0.117223 0.0279128 0.992713 105.155 0.00735812 0.999602 -0.0272376 -6.13368 -0.993078 0.00411163 -0.117382 106.057
-0.117521 0.0313707 0.992575 105.974 0.00853945 0.999496 -0.0305784 -6.17223 -0.993034 0.00488243 -0.11773 105.959
-0.118263 0.0330664 0.992432 106.791 0.00834794 0.999443 -0.0323052 -6.20566 -0.992947 0.00446425 -0.118473 105.867
-0.11904 0.0333342 0.99233 107.593 0.00679543 0.99944 -0.0327579 -6.24785 -0.992866 0.00284381 -0.1192 105.771
-0.121899 0.0319467 0.992028 108.388 0.00457647 0.999489 -0.0316247 -6.28754 -0.992532 0.000684979 -0.121983 105.692
-0.124733 0.0334044 0.991628 109.189 0.00427332 0.999442 -0.0331301 -6.32521 -0.992181 0.000105128 -0.124806 105.593
-0.128142 0.0353732 0.991125 109.957 0.00338887 0.999374 -0.0352295 -6.37519 -0.99175 -0.00115558 -0.128182 105.488
-0.130995 0.0371612 0.990686 110.727 0.00240266 0.999306 -0.0371668 -6.40989 -0.99138 -0.00248838 -0.130993 105.383
-0.134078 0.0370839 0.990277 111.513 0.00315291 0.99931 -0.0369953 -6.45749 -0.990966 -0.00183801 -0.134103 105.274
-0.137205 0.035909 0.989892 112.292 0.00447754 0.999355 -0.0356317 -6.49696 -0.990533 -0.000456583 -0.137278 105.17
-0.139439 0.0364711 0.989559 113.064 0.00523493 0.999335 -0.0360938 -6.53911 -0.990217 0.000147406 -0.139537 105.056
-0.140809 0.0410541 0.989185 113.814 0.00140792 0.999147 -0.0412672 -6.58088 -0.990036 -0.00441808 -0.140746 104.944
-0.142239 0.0479252 0.988671 114.592 -0.000299335 0.998825 -0.0484605 -6.63319 -0.989832 -0.00718894 -0.142058 104.842
-0.144988 0.0512107 0.988107 115.365 0.00332575 0.998679 -0.0512706 -6.66624 -0.989428 -0.00414743 -0.144967 104.731
-0.147098 0.0497391 0.98787 116.135 0.00576989 0.998761 -0.0494282 -6.71088 -0.989105 -0.00157091 -0.147203 104.603
-0.150769 0.0416242 0.987692 116.904 0.00365132 0.99913 -0.0415489 -6.75775 -0.988562 -0.00265789 -0.150789 104.499
-0.152946 0.0394194 0.987448 117.682 0.0039445 0.999221 -0.0392784 -6.82182 -0.988227 -0.00211247 -0.152982 104.387
-0.154616 0.0424918 0.987061 118.426 0.00344836 0.999092 -0.0424696 -6.86099 -0.987969 -0.00316272 -0.154622 104.268
-0.15741 0.0458146 0.98647 119.194 0.00142334 0.998933 -0.0461662 -6.90997 -0.987532 -0.00586296 -0.157307 104.155
-0.160058 0.0479675 0.985941 119.934 0.000663115 0.998824 -0.0484865 -6.96065 -0.987107 -0.00710689 -0.159902 104.041
-0.161462 0.0529333 0.985458 120.678 0.00428006 0.998589 -0.0529373 -7.00204 -0.98687 -0.00432953 -0.16146 103.908
-0.164113 0.0573429 0.984773 121.414 0.00493178 0.998344 -0.0573112 -7.0545 -0.986429 -0.00454884 -0.164124 103.792
-0.166212 0.0601013 0.984257 122.158 0.00401313 0.998174 -0.0602735 -7.09707 -0.986082 -0.00606825 -0.16615 103.665
-0.168107 0.0570013 0.984119 122.895 0.00520239 0.998364 -0.0569377 -7.15724 -0.985755 -0.00445185 -0.168128 103.534
-0.171595 0.0537828 0.983698 123.621 0.00900217 0.998553 -0.0530246 -7.2115 -0.985126 -0.000243345 -0.171831 103.398
-0.177647 0.051997 0.98272 124.345 0.011459 0.998645 -0.0507682 -7.26644 -0.984028 0.00224215 -0.178002 103.261
-0.183983 0.0502181 0.981646 125.073 0.0100384 0.998738 -0.0492111 -7.32114 -0.982878 0.000800168 -0.184255 103.13
-0.192814 0.0507404 0.979923 125.8 0.00880758 0.998711 -0.0499802 -7.36853 -0.981196 -0.00100614 -0.193012 102.998
-0.204288 0.0513285 0.977564 126.519 0.00910295 0.998681 -0.050535 -7.41217 -0.978869 -0.00142495 -0.204485 102.865
-0.215969 0.0525998 0.974982 127.23 0.00926331 0.998613 -0.0518228 -7.4531 -0.976356 -0.00216055 -0.216157 102.71
-0.228247 0.0521527 0.972205 127.934 0.00996016 0.998637 -0.0512322 -7.52289 -0.973552 -0.00201028 -0.228455 102.53
-0.240164 0.0519138 0.969343 128.637 0.012873 0.998651 -0.0502941 -7.57266 -0.970647 0.000399493 -0.240509 102.348
-0.251836 0.0513016 0.966409 129.337 0.0166387 0.998676 -0.0486785 -7.62729 -0.967627 0.0038208 -0.252356 102.157
-0.260947 0.0518511 0.96396 130.015 0.0215188 0.998621 -0.0478903 -7.66518 -0.965113 0.00824645 -0.261703 101.946
-0.269427 0.052146 0.961608 130.706 0.0271463 0.998547 -0.0465432 -7.71361 -0.962638 0.0135641 -0.270452 101.743
-0.276724 0.0524531 0.959517 131.394 0.0332652 0.998434 -0.0449868 -7.75961 -0.960373 0.0194695 -0.278036 101.523
-0.283677 0.0523955 0.957487 132.072 0.0322523 0.998463 -0.0450822 -7.80843 -0.958377 0.0180924 -0.284931 101.332
-0.287299 0.050334 0.956517 132.762 0.0364955 0.998468 -0.0415798 -7.85229 -0.957145 0.0229628 -0.288696 101.104
-0.289775 0.047501 0.955915 133.446 0.0432047 0.998399 -0.0365151 -7.89259 -0.956119 0.0307188 -0.291364 100.891
-0.290582 0.0460419 0.955742 134.14 0.0494678 0.998229 -0.0330486 -7.93274 -0.955571 0.0376751 -0.292345 100.673
-0.292288 0.0440787 0.955314 134.842 0.0508116 0.998242 -0.0305131 -7.97079 -0.954979 0.0396224 -0.294014 100.477
-0.291716 0.0495263 0.955222 135.485 0.0531854 0.997953 -0.0354996 -8.00616 -0.955025 0.0404481 -0.293753 100.266
-0.290488 0.0529369 0.955413 136.154 0.0526286 0.997841 -0.0392863 -8.03913 -0.95543 0.0388699 -0.292647 100.071
-0.289907 0.0524055 0.955619 136.775 0.0529478 0.997849 -0.0386585 -8.07578 -0.955589 0.0393905 -0.292058 99.8815
-0.287495 0.0509528 0.956426 137.461 0.0548039 0.997823 -0.0366845 -8.11008 -0.956213 0.0418693 -0.289662 99.6729
-0.285234 0.0489804 0.957206 138.109 0.0568873 0.997798 -0.0341059 -8.14154 -0.956768 0.0447247 -0.287392 99.4779
-0.284245 0.0497861 0.957458 138.752 0.0582194 0.997704 -0.034595 -8.17939 -0.956982 0.0459092 -0.286491 99.2908
-0.282577 0.0515012 0.957861 139.392 0.0571851 0.997686 -0.0367724 -8.21917 -0.957539 0.0443843 -0.284868 99.1129
-0.277237 0.0530845 0.959334 140.032 0.0583046 0.997562 -0.0383505 -8.25393 -0.959031 0.0453014 -0.279656 98.9171
-0.272309 0.051871 0.960811 140.656 0.0592758 0.997554 -0.0370549 -8.29361 -0.960382 0.0468624 -0.274718 98.7439
-0.266706 0.0504018 0.962459 141.296 0.0602381 0.997551 -0.035547 -8.32692 -0.961894 0.0484962 -0.269089 98.566
-0.262452 0.0478197 0.96376 141.916 0.0590785 0.997694 -0.0334151 -8.37517 -0.963135 0.0481676 -0.264672 98.4028
-0.258507 0.047479 0.964842 142.581 0.0612721 0.997586 -0.0326739 -8.40196 -0.964064 0.0506714 -0.260792 98.2501
-0.254539 0.0456319 0.965985 143.195 0.0612173 0.997643 -0.0309965 -8.44576 -0.965123 0.0512452 -0.256732 98.0932
-0.249787 0.0445604 0.967275 143.703 0.0657841 0.997414 -0.0289609 -8.44045 -0.966064 0.0563973 -0.252072 97.9229
-0.246188 0.0432303 0.968257 144.297 0.0657105 0.997451 -0.0278262 -8.46346 -0.966992 0.0567742 -0.248401 97.7714
-0.24415 0.0419128 0.968831 144.958 0.0655463 0.997494 -0.0266348 -8.49379 -0.96752 0.0570004 -0.246285 97.6525
-0.240094 0.0420817 0.969837 145.529 0.0620453 0.997682 -0.02793 -8.54238 -0.968765 0.053468 -0.242148 97.5027
-0.235705 0.0454699 0.97076 146.109 0.0613429 0.997609 -0.0318331 -8.56643 -0.969887 0.052046 -0.237931 97.3648
-0.229229 0.0494477 0.972116 146.681 0.0644347 0.997289 -0.0355342 -8.58831 -0.971238 0.0544925 -0.231794 97.2186
-0.22299 0.0496365 0.973556 147.254 0.0633736 0.997328 -0.036333 -8.62581 -0.972759 0.0535958 -0.22554 97.0964
-0.214984 0.0473993 0.975467 147.818 0.060011 0.997575 -0.0352477 -8.66866 -0.974772 0.050961 -0.217307 96.9851
-0.203263 0.0459982 0.978043 148.396 0.0599857 0.997605 -0.0344516 -8.69687 -0.977285 0.0516658 -0.205536 96.8606
-0.19143 0.0449312 0.980477 148.97 0.0599985 0.997619 -0.0340026 -8.72175 -0.979671 0.052318 -0.19367 96.7616
-0.178789 0.0431014 0.982943 149.547 0.0595983 0.99768 -0.0329072 -8.76 -0.982081 0.0526983 -0.180943 96.6735
